  0   369.526921981
  1   360.929628441
  2   331.353210192
  3   298.638235582
  4   263.611359298
  5   239.789519371
  6   221.054428225
  7   201.586082715
  8   183.579288593
  9   168.406037564
 10   157.430912154
 11   147.768861804
 12   139.740024025
 13   129.509569215
 14   116.654506049
 15   116.097335694
 16   111.351466765
 17   106.231441688
 18   100.230888511
 19    95.283039127
 20    89.229180336
 21    83.441545928
 22    78.897156348
 23    74.172898887
 24    68.725916906
 25    64.297419581
 26    60.862597681
 27    57.374906879
 28    53.828607916
 29    50.696554129
 30    46.603773647
 31    43.928977580
 32    40.348422136
 33    37.370794807
 34    34.613875649
 35    31.887300497
 36    29.903249202
 37    27.135532304
 38    25.475916267
 39    23.529345121
 40    21.770000954
 41    20.328111862
 42    18.918444950
 43    17.487890652
 44    16.367136435
 45    15.137756336
 46    14.209564789
 47    12.867059701
 48    11.553257290
 49    10.655942173
 50    10.086265527
 51     9.134088927
 52     8.220472588
 53     7.597966766
 54     6.976275297
 55     6.522890844
 56     6.070869563
 57     5.649417353
 58     5.368351039
 59     5.003933174
 60     4.644424850
 61     4.297678791
 62     3.998623908
 63     3.680400626
 64     3.363778275
 65     3.087111424
 66     2.880130156
 67     2.685545228
 68     2.496500185
 69     2.308357450
 70     2.143727403
 71     1.993496620
 72     1.846932220
 73     1.699117089
 74     1.551340256
 75     1.404631142
 76     1.267023440
 77     1.133750063
 78     1.018773335
 79     0.932130433
 80     0.845555028
 81     0.768782409
 82     0.695939761
 83     0.623093598
 84     0.552402080
 85     0.484968314
 86     0.427191527
 87     0.375275983
 88     0.326151680
 89     0.279598584
 90     0.240207586
 91     0.201358536
 92     0.165063819
 93     0.129977159
 94     0.103982981
 95     0.081329797
 96     0.060031126
 97     0.045232904
 98     0.032228874
 99     0.022573557
100     0.019342111
101     0.016565814
102     0.013853200
103     0.011380593
104     0.009680886
105     0.008294603
106     0.007041906
107     0.005836707
108     0.004726940
109     0.003704556
110     0.002885939
111     0.002467271
112     0.002081857
113     0.001751523
114     0.001461276
115     0.001194276
116     0.000981200
117     0.000805118
118     0.000642363
119     0.000489785
120     0.000371851
121     0.000276313
122     0.000211392
123     0.000164783
124     0.000124751
125     0.000087080
126     0.000066594
127     0.000051013
128     0.000037392
129     0.000025930
130     0.000016609
131     0.000010592
132     0.000006572
133     0.000004391
134     0.000002950
