  0  1664.651432409
  1  1604.581201937
  2  1544.715820797
  3  1478.873218497
  4  1428.907862192
  5  1378.489194577
  6  1312.716135581
  7  1253.922525480
  8  1220.704347903
  9  1181.911633809
 10  1128.093358541
 11  1064.282865569
 12  1011.810756167
 13   982.149008907
 14   943.300990162
 15   913.170626936
 16   875.455196788
 17   840.419678125
 18   815.831729353
 19   808.930598899
 20   796.312031401
 21   780.467317293
 22   770.762245538
 23   762.761343018
 24   752.844497225
 25   739.089152356
 26   731.477357567
 27   707.117600806
 28   677.586330870
 29   666.839877375
 30   662.670065836
 31   652.428670831
 32   640.720145859
 33   628.931417975
 34   619.696115660
 35   605.740680127
 36   595.995573082
 37   590.041115927
 38   580.395008866
 39   571.928857366
 40   564.038659332
 41   556.884711087
 42   548.574933126
 43   537.598407099
 44   526.375041179
 45   518.273031558
 46   509.425626115
 47   498.602812161
 48   492.977182942
 49   491.440859894
 50   482.522344839
 51   472.493353814
 52   465.136569131
 53   457.264651454
 54   448.462268502
 55   440.347530137
 56   431.828674430
 57   428.151386320
 58   421.834934086
 59   410.624650264
 60   402.122708925
 61   395.677007749
 62   390.219855613
 63   385.866349000
 64   379.311293800
 65   372.663978037
 66   367.103946120
 67   361.211679684
 68   352.216259278
 69   350.501453792
 70   348.200018155
 71   343.809740793
 72   338.860591232
 73   334.870840184
 74   330.046837188
 75   326.004952973
 76   312.679819472
 77   307.905219814
 78   303.600644657
 79   300.010995761
 80   295.127787539
 81   294.403771085
 82   288.828929591
 83   282.251358568
 84   277.140364676
 85   271.561062834
 86   268.729768152
 87   265.316377417
 88   260.886762446
 89   256.498309390
 90   253.022308788
 91   247.609643598
 92   243.709876357
 93   239.428307438
 94   235.668140636
 95   232.328824209
 96   228.468144355
 97   226.313283555
 98   222.866952011
 99   219.422932607
100   216.402365111
101   214.235767360
102   210.512626685
103   209.036784611
104   202.346740140
105   199.071747580
106   196.061618901
107   192.241443517
108   189.310654359
109   186.942698851
110   183.635787870
111   179.669767392
112   179.919183348
113   179.495697248
114   174.689890134
115   171.755392663
116   168.812996139
117   166.334797810
118   164.389187251
119   162.168620352
120   159.366623639
121   157.136624886
122   155.049565731
123   152.437425427
124   150.729778105
125   148.597374862
126   146.265785349
127   144.801716361
128   142.871667907
129   141.125906906
130   139.234603770
131   138.196783745
132   136.338935443
133   134.271145560
134   132.930411705
135   131.868712238
136   129.915576626
137   128.090897140
138   126.883490259
139   125.378151007
140   124.448228623
141   122.204658717
142   120.297949007
143   118.720483535
144   117.090604611
145   117.370361843
146   115.690709579
147   114.040783891
148   112.437918654
149   110.755010051
150   109.211703197
151   107.793919770
152   106.195774707
153   105.133304453
154   103.618914544
155   102.496676715
156   100.996118621
157    99.591516360
158    98.144149541
159    96.825643219
160    95.445054454
161    93.952298653
162    92.534412202
163    91.131011196
164    89.838994857
165    90.047365796
166    88.567994921
167    87.198780553
168    85.945336988
169    84.683690985
170    83.027952441
171    82.087718990
172    80.851632760
173    79.643097508
174    78.354674133
175    77.170101138
176    76.063437264
177    74.915554277
178    73.780706589
179    72.621888203
180    71.908588669
181    70.819153843
182    69.714629002
183    68.668201687
184    68.047336858
185    67.007614385
186    65.967026794
187    64.998841527
188    64.037303411
189    63.047305775
190    62.121757604
191    61.248868528
192    60.349770219
193    59.417989538
194    58.529893269
195    57.624453571
196    56.946360832
197    55.883320442
198    54.965029135
199    54.189115981
200    53.358735726
201    52.501754464
202    51.691976518
203    50.908521419
204    50.082230939
205    49.244385588
206    48.515978143
207    47.771703919
208    46.984001277
209    46.294830567
210    45.588127182
211    44.988193673
212    44.268931514
213    43.537111347
214    42.838149066
215    42.465203270
216    41.649188560
217    40.912292687
218    40.213383498
219    39.531908531
220    38.851678852
221    38.187928380
222    37.568041334
223    36.976832530
224    36.330530362
225    35.729657982
226    35.100859023
227    34.476666101
228    33.878504897
229    33.277321658
230    32.720362914
231    32.155172324
232    31.581550626
233    31.014231594
234    30.518603960
235    29.976818093
236    29.678417097
237    29.155433953
238    28.645129051
239    28.107180444
240    27.601317796
241    27.094936767
242    26.683773252
243    26.193831316
244    25.712008251
245    25.143983574
246    24.681051222
247    24.234220563
248    23.782174352
249    23.341388070
250    22.951755722
251    22.499533703
252    22.056641192
253    21.626692396
254    21.226928270
255    20.852018547
256    20.442320547
257    20.049565954
258    19.647561504
259    19.262522027
260    18.891022224
261    18.553155662
262    18.190953507
263    17.836575821
264    17.499919956
265    17.150331090
266    16.791409607
267    16.455933845
268    16.122392494
269    15.805416477
270    15.524529825
271    15.188636857
272    14.862625221
273    14.543473076
274    14.234815019
275    13.925449190
276    13.624407051
277    13.327385877
278    13.038156224
279    12.762251826
280    12.501350200
281    12.240007809
282    11.971564333
283    11.712470937
284    11.449345569
285    11.193687794
286    10.938082019
287    10.688671254
288    10.444964073
289    10.217303522
290     9.988055419
291     9.765891044
292     9.565119699
293     9.367392463
294     9.163292070
295     8.968687231
296     8.796563966
297     8.605809454
298     8.420425768
299     8.240501216
300     8.053746458
301     7.878596708
302     7.703329097
303     7.533509945
304     7.354991620
305     7.187713350
306     7.019486434
307     6.855410083
308     6.693788790
309     6.529608352
310     6.367482551
311     6.209445142
312     6.060154911
313     5.915489443
314     5.769286219
315     5.624362289
316     5.484816482
317     5.345615929
318     5.208905479
319     5.074372132
320     4.941971379
321     4.807811152
322     4.676284580
323     4.550475556
324     4.428778615
325     4.304171347
326     4.184803868
327     4.066232352
328     3.951663088
329     3.841455724
330     3.731127937
331     3.619287640
332     3.514792185
333     3.412325991
334     3.322713473
335     3.225182388
336     3.127885665
337     3.033666980
338     3.025907597
339     2.915187222
340     2.824017760
341     2.736275478
342     2.651491114
343     2.567751664
344     2.491767215
345     2.422567098
346     2.354394726
347     2.287570106
348     2.226259243
349     2.166527648
350     2.107044956
351     2.053785410
352     2.001101210
353     1.948511190
354     1.896435140
355     1.846064424
356     1.797403826
357     1.746749516
358     1.697116049
359     1.646857058
360     1.600242693
361     1.554725429
362     1.509446633
363     1.465124373
364     1.420551681
365     1.377732537
366     1.336468253
367     1.296457417
368     1.256643463
369     1.217368074
370     1.178608418
371     1.141186690
372     1.104145339
373     1.066791511
374     1.030581924
375     0.994862622
376     0.959215639
377     0.924439290
378     0.890870083
379     0.861641736
380     0.832339582
381     0.805799692
382     0.779685807
383     0.753456754
384     0.727883218
385     0.703826886
386     0.680079465
387     0.657187993
388     0.635682775
389     0.616094011
390     0.597637402
391     0.579229339
392     0.561583896
393     0.543995596
394     0.526916005
395     0.510046488
396     0.494421806
397     0.478795328
398     0.463605491
399     0.448738130
400     0.434656769
401     0.421695397
402     0.408855236
403     0.396251114
404     0.383898851
405     0.372429121
406     0.361048777
407     0.349804098
408     0.338622370
409     0.327678184
410     0.317127530
411     0.307048296
412     0.297121524
413     0.288074507
414     0.279167587
415     0.270240873
416     0.261614524
417     0.253132041
418     0.244678452
419     0.236581467
420     0.228945575
421     0.221328350
422     0.213950882
423     0.206842744
424     0.199865596
425     0.192932490
426     0.186297234
427     0.179944984
428     0.173664917
429     0.167424821
430     0.161350799
431     0.155462211
432     0.149670418
433     0.144100434
434     0.139443804
435     0.134994210
436     0.130646990
437     0.126326638
438     0.122125708
439     0.117938773
440     0.113823793
441     0.109723242
442     0.105750635
443     0.101874643
444     0.098027311
445     0.094428381
446     0.090874165
447     0.087341637
448     0.083860762
449     0.080523447
450     0.077195290
451     0.073932226
452     0.070713114
453     0.067706431
454     0.064729309
455     0.061791544
456     0.058962014
457     0.056204180
458     0.053477671
459     0.050968557
460     0.048547724
461     0.046131863
462     0.043788934
463     0.041579371
464     0.039422064
465     0.037341098
466     0.035585617
467     0.034049419
468     0.032524066
469     0.031130563
470     0.029750845
471     0.028480950
472     0.027285909
473     0.026142408
474     0.025002507
475     0.023878988
476     0.022800235
477     0.021778340
478     0.020814737
479     0.019881558
480     0.018951855
481     0.018062655
482     0.017234253
483     0.016456374
484     0.015679797
485     0.014940404
486     0.014205513
487     0.013508401
488     0.012883234
489     0.012258626
490     0.011657656
491     0.011070205
492     0.010526024
493     0.009986808
494     0.009529155
495     0.009081293
496     0.008656773
497     0.008237970
498     0.007832679
499     0.007434523
500     0.007075246
501     0.006722648
502     0.006394732
503     0.006084319
504     0.005775885
505     0.005470415
506     0.005188702
507     0.004919350
508     0.004653928
509     0.004393141
510     0.004136638
511     0.003901357
512     0.003675003
513     0.003457513
514     0.003247951
515     0.003066968
516     0.002887829
517     0.002713469
518     0.002540942
519     0.002370748
520     0.002207934
521     0.002076650
522     0.001951104
523     0.001831129
524     0.001713115
525     0.001611479
526     0.001515053
527     0.001425030
528     0.001338327
529     0.001252855
530     0.001170102
531     0.001094575
532     0.001021794
533     0.000954335
534     0.000897962
535     0.000843447
536     0.000789088
537     0.000741148
538     0.000697465
539     0.000654302
540     0.000612497
541     0.000576583
542     0.000542386
543     0.000508235
544     0.000474267
545     0.000442195
546     0.000410835
547     0.000381823
548     0.000355801
549     0.000334797
550     0.000313848
551     0.000293723
552     0.000273621
553     0.000255507
554     0.000238150
555     0.000221234
556     0.000206222
557     0.000193513
558     0.000181229
559     0.000169127
560     0.000157181
561     0.000145803
562     0.000135205
563     0.000125149
564     0.000115935
565     0.000108414
566     0.000101279
567     0.000094718
568     0.000088611
569     0.000082576
570     0.000076813
571     0.000071358
572     0.000066889
573     0.000062506
574     0.000058264
575     0.000054144
576     0.000050203
577     0.000046835
578     0.000043771
579     0.000041090
580     0.000038450
581     0.000036154
582     0.000033926
583     0.000031705
584     0.000029488
585     0.000027292
586     0.000025264
587     0.000023507
588     0.000021982
589     0.000020541
590     0.000019152
591     0.000018137
