20 20 0.050000
20.000000 20.000000 20.000000 20.000000 20.000000 20.000000 20.000000 20.000000 20.000000 20.000000 20.000000 20.000000 20.000000 20.000000 20.000000 20.000000 20.000000 20.000000 20.000000 20.000000 17.500000 
20.000000 20.028424 20.055851 20.081026 20.102177 20.116765 20.121285 20.111200 20.081095 20.025157 19.937898 19.814801 19.652337 19.446894 19.192674 18.878399 18.481556 17.955755 17.197503 15.946076 13.446076 
20.000000 20.057846 20.113955 20.166077 20.210917 20.243596 20.257177 20.242419 20.188022 20.081636 19.911633 19.668969 19.347651 18.942567 18.445401 17.839367 17.092070 16.143962 14.888182 13.140724 10.640724 
20.000000 20.089004 20.176046 20.258410 20.331818 20.389526 20.421409 20.413278 20.346939 20.201732 19.958029 19.601791 19.126733 18.530322 17.806996 16.941599 15.903394 14.639842 13.070539 11.087913 8.587913 
20.000000 20.122126 20.242814 20.359699 20.468418 20.561280 20.625654 20.642343 20.584724 20.420325 20.116961 19.653432 19.027166 18.244991 17.310664 16.216637 14.940067 13.441473 11.666219 9.552477 7.052477 
20.000000 20.156686 20.313385 20.469154 20.620877 20.761521 20.877586 20.945718 20.929288 20.777882 20.436058 19.867810 19.083510 18.111814 16.974032 15.674217 14.198763 12.519763 10.600386 8.403300 5.903300 
20.000000 20.191232 20.384887 20.582654 20.784415 20.986341 21.177450 21.333654 21.408830 21.325856 20.981581 20.298240 19.327249 18.144721 16.799434 15.307436 13.661005 11.838430 9.812263 7.557036 5.057037 
20.000000 20.223356 20.452276 20.692161 20.947787 21.221977 21.512219 21.802620 22.046520 22.135130 21.866169 21.016321 19.782524 18.340388 16.771548 15.095089 13.299391 11.360690 9.253201 6.955546 4.455546 
20.000000 20.249915 20.508698 20.785929 21.092595 21.441562 21.846829 22.318088 22.839500 23.301976 23.331645 22.118351 20.446138 18.662758 16.851280 15.001980 13.080782 11.051739 8.884303 6.556401 4.056401 
20.000000 20.267606 20.546674 20.850261 21.195102 21.604847 22.115447 22.783403 23.691416 24.901629 26.040084 23.679300 21.220920 19.013225 16.968837 14.980768 12.970017 10.881179 8.675873 6.329354 3.829354 
20.000000 20.273836 20.560131 20.873340 21.232705 21.667277 22.226708 23.008662 24.241133 26.573038 32.247763 25.337845 21.745018 19.200386 17.030074 14.982237 12.937340 10.827089 8.608656 6.255788 3.755788 
20.000000 20.267606 20.546674 20.850261 21.195102 21.604847 22.115447 22.783403 23.691416 24.901629 26.040084 23.679300 21.220920 19.013225 16.968837 14.980768 12.970017 10.881179 8.675873 6.329354 3.829354 
20.000000 20.249915 20.508699 20.785929 21.092595 21.441562 21.846829 22.318088 22.839500 23.301976 23.331645 22.118351 20.446138 18.662758 16.851281 15.001980 13.080782 11.051739 8.884304 6.556401 4.056401 
20.000000 20.223356 20.452276 20.692161 20.947787 21.221977 21.512219 21.802621 22.046520 22.135130 21.866169 21.016321 19.782524 18.340388 16.771548 15.095089 13.299392 11.360691 9.253201 6.955546 4.455546 
20.000000 20.191232 20.384887 20.582654 20.784415 20.986341 21.177450 21.333655 21.408830 21.325856 20.981581 20.298240 19.327249 18.144721 16.799435 15.307437 13.661006 11.838431 9.812264 7.557037 5.057037 
20.000000 20.156686 20.313385 20.469154 20.620877 20.761521 20.877586 20.945718 20.929288 20.777882 20.436059 19.867810 19.083510 18.111814 16.974032 15.674217 14.198763 12.519763 10.600387 8.403300 5.903300 
20.000000 20.122126 20.242814 20.359699 20.468418 20.561280 20.625655 20.642344 20.584724 20.420325 20.116961 19.653432 19.027167 18.244992 17.310664 16.216637 14.940067 13.441473 11.666219 9.552478 7.052478 
20.000000 20.089004 20.176046 20.258410 20.331818 20.389526 20.421409 20.413278 20.346939 20.201732 19.958029 19.601791 19.126733 18.530322 17.806997 16.941599 15.903395 14.639842 13.070539 11.087914 8.587914 
20.000000 20.057846 20.113955 20.166077 20.210917 20.243596 20.257178 20.242419 20.188022 20.081636 19.911633 19.668969 19.347651 18.942567 18.445401 17.839367 17.092070 16.143963 14.888182 13.140724 10.640724 
20.000000 20.028424 20.055851 20.081026 20.102177 20.116765 20.121286 20.111200 20.081095 20.025157 19.937898 19.814801 19.652337 19.446894 19.192674 18.878399 18.481556 17.955756 17.197503 15.946076 13.446076 
20.000000 20.000000 20.000000 20.000000 20.000000 20.000000 20.000000 20.000000 20.000000 20.000000 20.000000 20.000000 20.000000 20.000000 20.000000 20.000000 20.000000 20.000000 20.000000 20.000000 17.500000 
