9.5  24
7.1807  24.3773
6.18852  24.0909
5.73324  23.4778
5.38787  22.7294
4.96359  21.9399
4.41657  21.1443
3.78085  20.344
3.12234  19.5262
2.50937  18.6752
1.9961  17.7792
1.61528  16.8337
1.37767  15.8419
1.27567  14.8134
1.28928  13.7624
1.39282  12.7049
1.56133  11.6567
1.77566  10.6314
2.02592  9.63913
2.31288  8.6863
2.64733  7.7756
3.04757  6.90719
3.53529  6.08015
4.13043  5.29447
4.84536  4.55316
5.6792  3.86429
6.61272  3.24276
7.60464  2.71152
8.58968  2.302
9.47911  2.0536
10.164  2.01202
10.5216  2.22653
10.4248  2.74587
9.75425  3.61307
8.41401  4.85936
6.34799  6.49727
3.55815  8.5135
0.122141  10.862
-3.79113  13.4583
-7.91002  16.1747
-11.8554  18.8399
-15.1455  21.2411
-17.2146  23.1327
-17.4481  24.2517
-15.2409  24.3425
-10.0825  23.1924
-1.67529  20.6816
9.90623  16.8485
24.0098  11.9751
39.1436  6.69434
52.6502  2.12411
60.3062  0.0308195
55.8373  3.02743
30.337  14.8104
9.50018  23.9999