0 9.5
1 7.1807
2 6.18852
3 5.73324
4 5.38787
5 4.96359
6 4.41657
7 3.78085
8 3.12234
9 2.50937
10 1.9961
11 1.61528
12 1.37767
13 1.27567
14 1.28928
15 1.39282
16 1.56133
17 1.77566
18 2.02592
19 2.31288
20 2.64733
21 3.04757
22 3.53529
23 4.13043
24 4.84536
25 5.6792
26 6.61272
27 7.60464
28 8.58968
29 9.47911
30 10.164
31 10.5216
32 10.4248
33 9.75425
34 8.41401
35 6.34799
36 3.55815
37 0.122141
38 -3.79113
39 -7.91002
40 -11.8554
41 -15.1455
42 -17.2146
43 -17.4481
44 -15.2409
45 -10.0825
46 -1.67529
47 9.90623
48 24.0098
49 39.1436
50 52.6502
51 60.3062
52 55.8373
53 30.337