0 24
1 24.3773
2 24.0909
3 23.4778
4 22.7294
5 21.9399
6 21.1443
7 20.344
8 19.5262
9 18.6752
10 17.7792
11 16.8337
12 15.8419
13 14.8134
14 13.7624
15 12.7049
16 11.6567
17 10.6314
18 9.63913
19 8.6863
20 7.7756
21 6.90719
22 6.08015
23 5.29447
24 4.55316
25 3.86429
26 3.24276
27 2.71152
28 2.302
29 2.0536
30 2.01202
31 2.22653
32 2.74587
33 3.61307
34 4.85936
35 6.49727
36 8.5135
37 10.862
38 13.4583
39 16.1747
40 18.8399
41 21.2411
42 23.1327
43 24.2517
44 24.3425
45 23.1924
46 20.6816
47 16.8485
48 11.9751
49 6.69434
50 2.12411
51 0.0308195
52 3.02743
53 14.8104