9.50000  50.00000
-1064.21220  434.35658
-1296.89872  513.37711
-1137.05037  451.02975
-844.20624  341.74787
-553.41586  234.29741
-322.21793  149.13311
-163.70474  90.58074
-68.75325  54.99830
-20.04761  35.89759
-0.09670  26.84866
4.93811  22.84352
4.14438  20.66243
2.34929  18.66513
1.34700  16.32192
1.26396  13.70422
1.68306  11.07195
2.33430  8.62564
3.31209  6.43422
4.89869  4.50541
7.15861  2.93451
9.52089  2.04850
10.58414  2.45697
8.36428  4.92789
1.15539  10.02647
-10.90801  17.48734
-23.61541  25.33574
-25.94976  28.83135
2.77698  19.37909
95.34309  -16.36536
297.76223  -96.87129
668.04034  -245.15695
1271.11282  -486.70711
2168.17848  -845.19492
3398.26177  -1335.17182
4949.41568  -1950.72891
6716.52545  -2648.96078
8442.18697  -3326.87708
9636.61393  -3790.20906
9471.97465  -3712.34712
9.50000  50.00000