9.50000  24.00000
-31.49440  46.59511
-29.42341  44.15479
-10.40673  31.86073
10.63281  18.36094
26.38009  7.87775
34.40087  1.80579
35.12789  -0.11106
30.42738  1.05496
22.62956  3.97727
13.92131  7.42404
6.01364  10.44662
0.00932  12.45141
-3.59154  13.19201
-4.79918  12.71172
-3.99593  11.26050
-1.78354  9.20477
1.16075  6.94347
4.20379  4.83948
6.84255  3.17141
8.75300  2.10768
9.80296  1.70197
10.03362  1.90699
9.61727  2.60178
8.80048  3.62705
7.84306  4.82208
6.96284  6.05743
6.29539  7.25768
5.87601  8.41029
5.64812  9.55803
5.49866  10.77489
5.31624  12.12847
5.06197  13.63514
4.83650  15.21842
4.91894  16.68557
5.74514  17.74276
7.78294  18.07464
11.25208  17.52079
15.62467  16.38815
18.83022  15.94615
9.50000  24.00000