9.5  24
0.569923  20.0852
-0.269324  19.4642
1.83897  20.329
4.20335  21.5373
5.68607  22.4368
6.05501  22.7218
5.53518  22.3198
4.51611  21.3021
3.37739  19.8174
2.40063  18.0423
1.74114  16.1478
1.4379  14.2778
1.44446  12.5385
1.66774  10.9941
2.00532  9.66994
2.37484  8.55836
2.73216  7.62771
3.07699  6.83241
3.44698  6.12309
3.90253  5.4559
4.50572  4.80033
5.29748  4.14496
6.27736  3.5008
7.39005  2.90204
8.52212  2.40418
9.51171  2.07956
10.172  2.01075
10.3277  2.28187
9.86218  2.96866
8.76774  4.12762
7.19217  5.7852
5.46751  7.92756
4.10521  10.4921
3.73662  13.3612
4.97302  16.3602
8.15422  19.2595
12.9491  21.7824
17.7649  23.6207
18.9167  24.4574
9.5  24