0 9.5
0.225 0.569923
0.45 -0.269324
0.675 1.83897
0.9 4.20335
1.125 5.68607
1.35 6.05501
1.575 5.53518
1.8 4.51611
2.025 3.37739
2.25 2.40063
2.475 1.74114
2.7 1.4379
2.925 1.44446
3.15 1.66774
3.375 2.00532
3.6 2.37484
3.825 2.73216
4.05 3.07699
4.275 3.44698
4.5 3.90253
4.725 4.50572
4.95 5.29748
5.175 6.27736
5.4 7.39005
5.625 8.52212
5.85 9.51171
6.075 10.172
6.3 10.3277
6.525 9.86218
6.75 8.76774
6.975 7.19217
7.2 5.46751
7.425 4.10521
7.65 3.73662
7.875 4.97302
8.1 8.15422
8.325 12.9491
8.55 17.7649
8.775 18.9167