0 24
0.225 20.0852
0.45 19.4642
0.675 20.329
0.9 21.5373
1.125 22.4368
1.35 22.7218
1.575 22.3198
1.8 21.3021
2.025 19.8174
2.25 18.0423
2.475 16.1478
2.7 14.2778
2.925 12.5385
3.15 10.9941
3.375 9.66994
3.6 8.55836
3.825 7.62771
4.05 6.83241
4.275 6.12309
4.5 5.4559
4.725 4.80033
4.95 4.14496
5.175 3.5008
5.4 2.90204
5.625 2.40418
5.85 2.07956
6.075 2.01075
6.3 2.28187
6.525 2.96866
6.75 4.12762
6.975 5.7852
7.2 7.92756
7.425 10.4921
7.65 13.3612
7.875 16.3602
8.1 19.2595
8.325 21.7824
8.55 23.6207
8.775 24.4574