9.50000  50.00000
0.56992  33.58311
-0.26932  25.67870
1.83897  22.61951
4.20335  21.95551
5.68607  22.14673
6.05501  22.31280
5.53518  22.03209
4.51611  21.18407
3.37739  19.82860
2.40063  18.11682
1.74114  16.22826
1.43790  14.32959
1.44446  12.55068
1.66774  10.97408
2.00532  9.63465
2.37484  8.52600
2.73216  7.61145
3.07699  6.83698
3.44698  6.14448
3.90253  5.48367
4.50572  4.82172
5.29748  4.14953
6.27736  3.48454
7.39005  2.86968
8.52212  2.36888
9.51171  2.05955
10.17196  2.02297
10.32772  2.33364
9.86218  3.04915
8.76774  4.20212
7.19217  5.79639
5.46751  7.80954
4.10521  10.20439
3.73662  12.95212
4.97302  16.07012
8.15422  19.67767
12.94906  24.07297
17.76485  29.83521
18.91668  37.95536
9.50000  50.00000