9.50000  24.00000
2.29394  30.90349
1.86138  30.52888
3.43455  27.31210
4.73900  23.55534
5.02549  20.23425
4.37837  17.57360
3.24458  15.43891
2.13473  13.58550
1.45432  11.80045
1.42961  9.96721
2.09843  8.07795
3.34174  6.21364
4.93644  4.50782
6.61479  3.10611
8.11946  2.12987
9.24710  1.64973
9.87642  1.67168
9.97911  2.13643
9.61472  2.93073
8.91189  3.90820
8.03988  4.91585
7.17515  5.82210
6.46814  6.54197
6.01536  7.05497
5.84138  7.41230
5.89437  7.73062
6.05740  8.17136
6.17586  8.90606
6.09907  10.07095
5.73121  11.71607
5.08380  13.75781
4.31790  15.94685
3.76021  17.86769
3.87284  18.98981
5.15115  18.79572
7.91872  17.01585
11.98260  14.00590
16.10550  11.30832
17.24467  12.44558
9.50000  24.00000